9421034850675
9421034850644
9421034850682
9421034850699
9421034850705
9421034850712
9421034850729
9421034850736
9421034850743
9421034850750
9421034850767
9421034850774
9421034850590
9421034850606
9421905741286
9421905741293
9421905741309
9421905741316
9421905741323
9421905741330
9421905741347
9421905741354
9421905741361
9421905741378
9421905741385
9421905741392
9421905741408
9421905741415
9421905741422
9421905741439
9421905741446
9421905741453
9421034850156
9421905741460
9421905741477
9421905741484
9421905741491
9421905741507
9421905741514
9421905741521
9421905741538
9421905741545
9421905741552
9421905741569
9421905741576
9421905741583
9421905741590
9421905741606
9421905741613
9421905741620
9421905741637
9421034850149
9421905741729
9421905741996
9421905741743
9421905741750
9421905741736
9421034850125
9421905741101
9421034850118
9421034850101
9421905741989
9421034850095
9421034850286
9421034851245
9421034850309
9421034850132
9421034850279
9421034851597
9421034853270
9421034850316