79421034850674
79421034850643
79421034850681
79421034850698
79421034850704
79421034850711
79421034850728
79421034850735
79421034850742
79421034850759
79421034850766
79421034850773
79421034850599
79421034850605
79421905741285
79421905741292
79421905741308
79421905741315
79421905741322
79421905741339
79421905741346
79421905741353
79421905741360
79421905741377
79421905741384
79421905741391
79421905741407
79421905741414
79421905741421
79421905741438
79421905741445
79421905741452
79421034850155
79421905741469
79421905741476
79421905741483
79421905741490
79421905741506
79421905741513
79421905741520
79421905741537
79421905741544
79421905741551
79421905741568
79421905741575
79421905741582
79421905741599
79421905741605
79421905741612
79421905741629
79421905741636
79421034850148
79421905741728
79421905741995
79421905741742
79421905741759
79421905741735
79421034850124
79421905741100
79421034850117
79421034850100
79421905741988
79421034850094
79421034850285
79421034851244
79421034850308
79421034850131
79421034850278
79421034851596
79421034853279
79421034850315
